
FIRST MATRIX
10 21 55 
37 6 17 
12 1 17 

SECOND MATRIX
54 
45 
71 

THIRD MATRIX
64 38 59 
10 73 12 
31 92 74 

FOUR MATRIX
9 36 88 
79 90 36 
66 66 6 
23 81 82 
71 48 25 

ADD THIRD MATRIX INTO FIRST
74 59 114 
47 79 29 
43 93 91 

ADD 10 INTO THIRD
74 48 69 
20 83 22 
41 102 84 

TRANSPOSE THIRD
74 20 41 
48 83 102 
69 22 84 

TRANSPOSE SECOND
54 45 71 

TRANSPOSE FOUR
9 79 66 23 71 
36 90 66 81 48 
88 36 6 82 25 

SET 2 2 ELEM ON 99 IN FOUR MATRIX
9 79 66 23 71 
36 90 66 81 48 
88 36 99 82 25 

CREATE NEW MATRIX TRANSPOSED FROM FIRST
74 47 43 
59 79 93 
114 29 91 
